8.158590751579458678e-01
9.508634676988395595e-01
2.630696787788033841e-01
6.048577046979990435e-01
5.311730158584542227e-01
4.227745966523415166e-01
7.195545003331844658e-01
2.307821729696232227e-01
1.358542289259658808e-01
9.632332047657552465e-01
1.210794362830186488e-01
5.932222539308922293e-01
6.964886291687831799e-01
1.279745527222143631e-01
2.274665844298932038e-01
8.303468834122562647e-01
8.679543857938013529e-01
9.161527802622129180e-01
1.279012248251206740e-01
3.201483860754699151e-01
3.718669949296643518e-01
7.748863308103491887e-01
3.610981937635862060e-01
7.287991160090820930e-01
8.022233617014054019e-01
9.152213523230946501e-01
3.722355256228974119e-01
5.704676894835059020e-02
9.681119482575705204e-01
9.158896532213254282e-01
4.135687837005925793e-01
8.650176168184809944e-01
2.551063807156440655e-01
9.576164067951702386e-01
4.601215902089386134e-01
2.902185647379218469e-01
4.390760330690514079e-01
7.403476183809931666e-01
1.491905605070874552e-01
5.406907362682934481e-01
4.296997161788431718e-01
4.229820982586566247e-01
7.172210341875033812e-01
3.058332543638466738e-01
1.560480881838574030e-01
3.230163684665698920e-02
9.161999837366363586e-02
8.720958584686774318e-01
8.516451148261284798e-01
2.293123935298613247e-02
6.128134035526207057e-01
7.131377757367829417e-01
7.277902609810826817e-02
1.505533587530777373e-01
8.967249104774159818e-01
4.659387148868875395e-01
2.218153658923759375e-01
2.247528148100961243e-01
7.948705015206547486e-02
5.744739589020639858e-01
7.920100697517453714e-01
2.409473771987707957e-01
7.205690027334399339e-02
9.342980468455125420e-01
4.019910991056643290e-01
5.830020646907839721e-01
9.782400132192782261e-01
2.666299247340053746e-02
9.413252019258555592e-01
4.234916507347725734e-01
1.211136840510258494e-01
1.415247475517655840e-01
4.102385491500071257e-02
5.909621550681128932e-01
3.066799740551223730e-01
2.989159414185349473e-02
7.978356763806659924e-02
5.451843965774483269e-01
9.234236671155898746e-01
1.922038360314805017e-01
8.033570567755372593e-01
3.783277938712157340e-01
4.235020605785554393e-01
1.426925976468285118e-01
8.153613946609631347e-01
6.060534705104024811e-01
5.477605413067013762e-01
4.226059355628685177e-01
7.426664207895420367e-01
3.833712496199669362e-01
8.674447829528708631e-02
8.862183507666306914e-01
5.626464921623414162e-01
8.150854268508107570e-01
6.353389276315929424e-01
3.449277110539327174e-01
7.960791606534530773e-01
9.784019405029685812e-01
1.552336467265497122e-01
1.308779071176955355e-01
2.684794899635566390e-01
5.852376049680488856e-01
7.030149696896359490e-01
8.390195014340950941e-01
4.038783641587952999e-01
9.296032503008099246e-01
9.520107513216563566e-01
7.123404276104511323e-01
6.618822970453835941e-01
3.506195951021078283e-01
7.850934250096280875e-01
1.246457840079919777e-01
3.443314258218154178e-01
8.974488983538034814e-01
5.351604904567546228e-01
8.479405410979360402e-01
2.955590482180796563e-01
8.068155271956464203e-01
8.017810659835628018e-01
3.908470354316206929e-02
