1.392102361007292455e-01
7.982230190134900205e-01
3.702715122168942496e-02
4.618233944180429873e-01
6.425583160514861669e-01
8.287319615809268791e-01
9.911647894466740771e-01
1.946227204853997472e-01
2.713004021128234688e-01
4.246731355246401440e-01
1.808040183431174341e-01
4.713475339329892266e-01
1.181821442795910615e-01
6.119025514637930208e-01
1.541380101340772413e-01
7.266084986682019853e-03
6.358725559472400146e-01
8.376726272895345105e-01
1.158795116251477575e-01
1.058563778421804935e-01
6.404684296293341461e-01
8.280254941970336402e-01
6.989804997441413370e-01
6.150233625795247239e-01
5.568755986646447553e-01
9.754131158561771819e-01
5.240512936700856272e-01
3.094537239411230267e-01
7.068284383260718950e-01
4.995288611496376818e-01
9.466086316983451932e-01
5.699113026480970845e-01
9.002824929043227176e-01
9.503384890901015458e-01
6.600922298653788545e-02
5.316421549972920602e-01
5.403894459425211405e-01
1.097664439580678941e-01
3.688390831047039242e-01
6.425564396399168210e-01
9.782056672478639525e-01
5.963342754593140560e-01
3.579687441133937442e-01
4.204503902890235345e-01
7.371890675409084048e-01
6.721739654525960006e-01
6.350708735078588463e-01
5.507947757244410214e-01
6.478543093993971436e-02
1.718587892991471078e-01
5.637329352943721839e-01
5.629961863578295533e-01
6.508878780590824364e-01
8.711215230396570641e-01
4.549118555208203629e-01
9.479093208003795956e-01
9.937854264491934320e-01
4.127718229778746251e-01
9.692591887757785463e-01
7.030881398384715153e-01
9.589592565716898998e-01
6.382501632400472413e-02
5.010971889183398753e-01
5.498852862092827865e-01
6.684721660372914265e-01
1.666190027615457314e-01
8.241576172154554403e-01
4.662885808214615180e-01
1.362779268479730188e-02
5.864453967702132342e-01
3.356531576478856138e-01
4.167602279952564714e-02
2.338055621362113978e-01
1.815790445410703224e-01
3.655622853502361602e-01
2.751033736633302640e-01
8.054492466535665418e-01
9.084151719211841502e-01
9.770666521813394789e-01
5.505156960481786266e-01
2.481848562836963534e-02
7.226082517701238883e-01
5.791580445058177595e-01
5.391498969911721062e-01
2.117631191779991706e-01
6.340028973998316220e-01
8.393320925047639269e-01
5.739201242021507721e-02
5.698777145679259082e-01
2.572542017965738781e-01
9.890954884039305783e-01
4.647662542767041494e-01
2.914320548403259714e-02
5.215674512851138367e-01
9.633886969417559953e-01
9.249902787301420570e-01
7.064111836879487516e-01
4.104650171904724587e-01
2.263814603608339526e-01
6.386508217805162424e-01
4.936120645422148456e-01
8.516177018110210328e-01
5.266042386096237982e-01
7.399701562989721149e-01
7.051587115480041357e-01
4.985781718377531035e-01
7.093887006601645728e-01
4.797518518917442965e-01
1.073781498109473986e-01
2.211898502979969816e-01
8.598652306594816164e-01
1.296130961107981872e-01
3.195200790619888709e-01
9.815626086763511449e-01
2.534364754843969614e-01
8.371466562175828852e-01
5.564355978939963254e-01
6.217921329580794465e-01
4.098293103832451045e-02
8.970818972436472860e-01
