5.526894577129515262e-01
6.231905714467695923e-01
9.728330757271598239e-01
4.426690419393664033e-02
7.547418118105612139e-01
8.190454382389812382e-01
1.810133215292815123e-01
1.013351311469167237e-01
5.851602713056439642e-01
6.105196043036782427e-01
3.689238157899031867e-01
8.034326719054921684e-01
1.440938229961676864e-01
7.302770476152008472e-01
6.688497498710094247e-01
8.144783587830550786e-02
3.435650496032116585e-02
2.735288356428177137e-01
5.242196006398609498e-01
2.272104951931679384e-01
7.740505272738044118e-01
1.094339923313839558e-01
9.419466611197027106e-01
4.216768390614372697e-01
3.287461190671290279e-01
8.493810576394383860e-01
1.385121343206163758e-02
7.330061769706880392e-01
3.342226687139626673e-02
4.150990016162667828e-01
2.656772151099022761e-01
3.741778007781125792e-01
7.301771312483876786e-01
7.633826921455166836e-01
7.946964282300361671e-02
8.241697501429851025e-01
9.735364488736394373e-01
8.435662049147610864e-01
3.209747614018887418e-02
8.819995833032286958e-01
4.914947332797025004e-01
1.394077663661462685e-01
6.479607996592054997e-01
1.192976016548320528e-01
4.664315742836727674e-01
7.240418266623418475e-01
3.347687547813220643e-01
3.975907995786140958e-01
2.948782307443428286e-01
8.538238911412081578e-01
1.872286879635766121e-01
3.776623990943045461e-01
6.926787744785511958e-02
9.545016995348515332e-01
4.778571746762869665e-01
4.152297521927196255e-01
7.203177467430204040e-01
9.277160156370491961e-01
7.679066853042715302e-01
8.947383564903924613e-01
2.454735285401731248e-01
3.975496094892949639e-01
2.644881835534430570e-01
3.119336439856532639e-01
1.257147566045266895e-01
7.011519515404798231e-01
2.613814575604510582e-01
4.166381834110429727e-01
3.859149775417888284e-01
8.028002216615039988e-01
2.906014511252623667e-01
9.287201483808794622e-01
7.354862892169892197e-01
2.798080950513134324e-01
9.230473036204569492e-01
3.947353597900216116e-01
8.826093962631251788e-01
4.931621512760397952e-01
2.194143736454055027e-01
2.298135392605473726e-01
7.002559661223070053e-01
8.852744845716099542e-01
4.129216622607103648e-01
5.360438868884338515e-01
7.753531073632080606e-03
2.754995915112311566e-01
9.830548420313768299e-01
2.340312133295842090e-01
8.467489164638785093e-01
8.776901741707208160e-01
5.127259098818381933e-01
8.129289531742841524e-01
5.657556380753069325e-01
8.226834622619485504e-01
5.072434787050594807e-01
4.416800671662668432e-01
3.511671277512558031e-01
3.000256003626418089e-01
9.848491856591043980e-01
9.788017203585867021e-01
8.618740329582532667e-01
3.618118620400547769e-01
8.719893150772551893e-01
9.811407763275707961e-01
2.588010339716199093e-01
4.846719888826322986e-02
2.972137331911197666e-01
1.706840349795831768e-01
8.951507083328952286e-01
8.095689080955464911e-01
1.337248979235039492e-02
8.892310536999261661e-01
7.083914378767980358e-01
3.819074825610216939e-01
1.963926892199651109e-01
7.113178534352788684e-01
5.348466250955374868e-02
5.786800801966782704e-01
9.545175477285190446e-01
3.387266656295276901e-01
